product_id
20174
20592
20649
20674
20691
20732
20772
20774
20827
20927
21007
21111
21114
21119
21140
21227
20754
20924
20928
20932
20946
21042
21044
21064
21074
21099
21135
21163
21171
20355
20414
20458
20476
20510
20521
20525
20526
20531
20537
20575
20577
20593
20603
20633
20681
20719
20746
20785
20795
20822
20859
20907
20920
20966
20987
21086
21092
21179
21196
20286
20442
20491
20548
20620
20623
20659
20757
21033
21073
21252
21265
21266
21267
21276
20032
21153
21159
21168
