product_id
20001
20002
20003
20004
20005
20006
20007
20008
20009
20010
20011
20012
20013
20014
20015
20016
20017
20018
20019
20020
20021
20022
20023
20024
20025
20026
20027
20028
20029
20030
20031
20033
20035
20037
20038
20039
20041
20042
20043
20044
20045
20046
20047
20050
20051
20052
20053
20054
20055
20056
20057
20058
20059
20061
20062
20063
20065
20066
20067
20068
20069
20070
20071
20072
20073
20074
20075
20076
20077
20079
20080
20081
20082
20084
20086
20087
20090
20091
20092
20093
20094
20095
20096
20097
20099
20100
20101
20102
20103
20106
20107
20108
20109
20111
20114
20116
20117
20118
20119
20120
20121
20122
20123
20124
20125
20129
20132
20133
20134
20137
20138
20139
20140
20142
20144
20145
20146
20148
20151
20152
20153
20155
20157
20158
20160
20161
20162
20166
20167
20168
20175
20176
20177
20179
20180
20181
20182
20183
20184
20187
20188
20189
20193
20196
20197
20198
20200
20201
20205
20206
20207
20208
20209
20211
20212
20215
20216
20219
20220
20222
20224
20225
20226
20227
20228
20230
20231
20232
20233
20234
20235
20238
20239
20240
20241
20242
20244
20246
20249
20251
20252
20253
20254
20255
20256
20259
20263
20264
20265
20267
20268
20269
20270
20271
20272
20273
20275
20276
20277
20278
20280
20281
20282
20283
20284
20285
20288
20289
20290
20291
20292
20295
20296
20299
20300
20301
20302
20303
20304
20305
20307
20309
20310
20311
20313
20314
20315
20316
20317
20320
20321
20322
20324
20325
20326
20327
20328
20329
20330
20332
20335
20336
20338
20341
20342
20346
20349
20350
20352
20353
20354
20356
20357
20358
20359
20361
20362
20365
20366
20367
20372
20375
20379
20380
20381
20382
20383
20384
20385
20386
20388
20396
20398
20400
20401
20404
20406
20407
20409
20410
20411
20416
20418
20419
20421
20422
20424
20428
20429
20432
20433
20434
20438
20443
20449
20450
20463
20464
20465
20466
20469
20470
20473
20474
20480
20482
20483
20484
20490
20497
20500
20502
20505
20509
20517
20520
20524
20530
20532
20536
20538
20539
20549
20551
20555
20560
20561
20563
20565
20568
20570
20572
20579
20583
20585
20586
20597
20599
20600
20601
20602
20605
20606
20609
20612
20614
20617
20622
20628
20629
20632
20636
20637
20639
20640
20642
20644
20647
20651
20652
20653
20654
20655
20658
20660
20661
20663
20664
20670
20672
20676
20677
20678
20680
20684
20685
20693
20696
20697
20699
20701
20702
20705
20706
20708
20713
20714
20715
20721
20729
20730
20733
20735
20737
20739
20742
20744
20745
20749
20751
20756
20759
20761
20765
20768
20773
20781
20786
20788
20789
20793
20800
20801
20802
20803
20807
20810
20812
20820
20823
20826
20828
20830
20831
20838
20840
20843
20846
20847
20849
20852
20862
20863
20864
20865
20870
20882
20883
20885
20892
20894
20901
20906
20913
20919
20922
20925
20931
20937
20941
20947
20948
20949
20956
20957
20961
20965
20970
20976
20982
20985
20986
20991
20994
21008
21014
21016
21024
21028
21032
21038
21048
21055
21057
21077
21080
21088
21131
21170
21182
21192
21202
21218
21222
20514
20578
20878
21224
20588
20724
20743
20771
20945
20951
20319
20390
20415
20447
20478
20508
20667
20298
20343
20377
20417
20750
20832
20855
20877
20914
20996
21003
21027
20049
20453
20657
20741
20777
20402
20496
20542
20624
20775
20818
20202
20334
20337
20340
20544
20552
20574
20589
20646
20758
20809
21167
21180
20112
20297
20306
20323
20344
20348
20387
20403
20567
21118
21155
21184
21194
21207
21212
20164
20203
20218
20479
